5.61104896007
5.6389894514
5.64444580409
5.64765741892
5.6477513725
5.64410206183
5.63709502467
5.62817677854
5.61920904906
5.61152005395
5.60537111625
5.60025269237
5.59570532573
5.59190396339
5.58956824353
5.59449944017
5.61400734144
5.65504382338
5.72519507104
5.82575780138
5.85808939014
5.86272075661
5.84625422039
5.87001412139
5.92530391148
5.94956268105
5.93211866356
5.84577203601
5.76724073377
5.70478798164
5.66151481139
5.63753001804
5.61790837127
5.6389894514
5.64444580409
5.64765741892
5.6477513725
5.64410206183
5.63709502467
5.62817677854
5.61920904906
5.61152005395
5.60537111625
5.60025269237
5.59570532573
5.59190396339
5.58956824353
5.59449944017
5.61400734144
5.65504382338
5.72519507104
5.82575780138
5.85808939014
5.86272075661
5.84625422039
5.87001412139
5.92530391148
5.94956268105
5.93211866356
5.84577203601
5.76724073377
5.70478798164
5.66151481139
5.63753001804
5.63265736747
5.6389894514
5.64444580409
5.64765741892
5.6477513725
5.64410206183
5.63709502467
5.62817677854
5.61920904906
5.61152005395
5.60537111625
5.60025269237
5.59570532573
5.59190396339
5.58956824353
5.59449944017
5.61400734144
5.65504382338
5.72519507104
5.82575780138
5.85808939014
5.86272075661
5.84625422039
5.87001412139
5.92530391148
5.94956268105
5.93211866356
5.84577203601
5.76724073377
5.70478798164
5.66151481139
5.63753001804
5.65907191925
5.6389894514
5.64444580409
5.64765741892
5.6477513725
5.64410206183
5.63709502467
5.62817677854
5.61920904906
5.61152005395
5.60537111625
5.60025269237
5.59570532573
5.59190396339
5.58956824353
5.59449944017
5.61400734144
5.65504382338
5.72519507104
5.82575780138
5.85808939014
5.86272075661
5.84625422039
5.87001412139
5.92530391148
5.94956268105
5.93211866356
5.84577203601
5.76724073377
5.70478798164
5.66151481139
5.63753001804
5.69734052802
5.6389894514
5.64444580409
5.64765741892
5.6477513725
5.64410206183
5.63709502467
5.62817677854
5.61920904906
5.61152005395
5.60537111625
5.60025269237
5.59570532573
5.59190396339
5.58956824353
5.59449944017
5.61400734144
5.65504382338
5.72519507104
5.82575780138
5.85808939014
5.86272075661
5.84625422039
5.87001412139
5.92530391148
5.94956268105
5.93211866356
5.84577203601
5.76724073377
5.70478798164
5.66151481139
5.63753001804
5.74182236104
5.6389894514
5.64444580409
5.64765741892
5.6477513725
5.64410206183
5.63709502467
5.62817677854
5.61920904906
5.61152005395
5.60537111625
5.60025269237
5.59570532573
5.59190396339
5.58956824353
5.59449944017
5.61400734144
5.65504382338
5.72519507104
5.82575780138
5.85808939014
5.86272075661
5.84625422039
5.87001412139
5.92530391148
5.94956268105
5.93211866356
5.84577203601
5.76724073377
5.70478798164
5.66151481139
5.63753001804
5.78290647101
5.6389894514
5.64444580409
5.64765741892
5.6477513725
5.64410206183
5.63709502467
5.62817677854
5.61920904906
5.61152005395
5.60537111625
5.60025269237
5.59570532573
5.59190396339
5.58956824353
5.59449944017
5.61400734144
5.65504382338
5.72519507104
5.82575780138
5.85808939014
5.86272075661
5.84625422039
5.87001412139
5.92530391148
5.94956268105
5.93211866356
5.84577203601
5.76724073377
5.70478798164
5.66151481139
5.63753001804
5.81489753405
5.6389894514
5.64444580409
5.64765741892
5.6477513725
5.64410206183
5.63709502467
5.62817677854
5.61920904906
5.61152005395
5.60537111625
5.60025269237
5.59570532573
5.59190396339
5.58956824353
5.59449944017
5.61400734144
5.65504382338
5.72519507104
5.82575780138
5.85808939014
5.86272075661
5.84625422039
5.87001412139
5.92530391148
5.94956268105
5.93211866356
5.84577203601
5.76724073377
5.70478798164
5.66151481139
5.63753001804
5.83053053223
5.6389894514
5.64444580409
5.64765741892
5.6477513725
5.64410206183
5.63709502467
5.62817677854
5.61920904906
5.61152005395
5.60537111625
5.60025269237
5.59570532573
5.59190396339
5.58956824353
5.59449944017
5.61400734144
5.65504382338
5.72519507104
5.82575780138
5.85808939014
5.86272075661
5.84625422039
5.87001412139
5.92530391148
5.94956268105
5.93211866356
5.84577203601
5.76724073377
5.70478798164
5.66151481139
5.63753001804
5.82728562181
5.6389894514
5.64444580409
5.64765741892
5.6477513725
5.64410206183
5.63709502467
5.62817677854
5.61920904906
5.61152005395
5.60537111625
5.60025269237
5.59570532573
5.59190396339
5.58956824353
5.59449944017
5.61400734144
5.65504382338
5.72519507104
5.82575780138
5.85808939014
5.86272075661
5.84625422039
5.87001412139
5.92530391148
5.94956268105
5.93211866356
5.84577203601
5.76724073377
5.70478798164
5.66151481139
5.63753001804
5.80563883613
5.6389894514
5.64444580409
5.64765741892
5.6477513725
5.64410206183
5.63709502467
5.62817677854
5.61920904906
5.61152005395
5.60537111625
5.60025269237
5.59570532573
5.59190396339
5.58956824353
5.59449944017
5.61400734144
5.65504382338
5.72519507104
5.82575780138
5.85808939014
5.86272075661
5.84625422039
5.87001412139
5.92530391148
5.94956268105
5.93211866356
5.84577203601
5.76724073377
5.70478798164
5.66151481139
5.63753001804
5.7687877326
5.6389894514
5.64444580409
5.64765741892
5.6477513725
5.64410206183
5.63709502467
5.62817677854
5.61920904906
5.61152005395
5.60537111625
5.60025269237
5.59570532573
5.59190396339
5.58956824353
5.59449944017
5.61400734144
5.65504382338
5.72519507104
5.82575780138
5.85808939014
5.86272075661
5.84625422039
5.87001412139
5.92530391148
5.94956268105
5.93211866356
5.84577203601
5.76724073377
5.70478798164
5.66151481139
5.63753001804
5.72349055902
5.6389894514
5.64444580409
5.64765741892
5.6477513725
5.64410206183
5.63709502467
5.62817677854
5.61920904906
5.61152005395
5.60537111625
5.60025269237
5.59570532573
5.59190396339
5.58956824353
5.59449944017
5.61400734144
5.65504382338
5.72519507104
5.82575780138
5.85808939014
5.86272075661
5.84625422039
5.87001412139
5.92530391148
5.94956268105
5.93211866356
5.84577203601
5.76724073377
5.70478798164
5.66151481139
5.63753001804
5.67927872427
5.6389894514
5.64444580409
5.64765741892
5.6477513725
5.64410206183
5.63709502467
5.62817677854
5.61920904906
5.61152005395
5.60537111625
5.60025269237
5.59570532573
5.59190396339
5.58956824353
5.59449944017
5.61400734144
5.65504382338
5.72519507104
5.82575780138
5.85808939014
5.86272075661
5.84625422039
5.87001412139
5.92530391148
5.94956268105
5.93211866356
5.84577203601
5.76724073377
5.70478798164
5.66151481139
5.63753001804
5.6446436562
5.6389894514
5.64444580409
5.64765741892
5.6477513725
5.64410206183
5.63709502467
5.62817677854
5.61920904906
5.61152005395
5.60537111625
5.60025269237
5.59570532573
5.59190396339
5.58956824353
5.59449944017
5.61400734144
5.65504382338
5.72519507104
5.82575780138
5.85808939014
5.86272075661
5.84625422039
5.87001412139
5.92530391148
5.94956268105
5.93211866356
5.84577203601
5.76724073377
5.70478798164
5.66151481139
5.63753001804
5.62316950559
5.6389894514
5.64444580409
5.64765741892
5.6477513725
5.64410206183
5.63709502467
5.62817677854
5.61920904906
5.61152005395
5.60537111625
5.60025269237
5.59570532573
5.59190396339
5.58956824353
5.59449944017
5.61400734144
5.65504382338
5.72519507104
5.82575780138
5.85808939014
5.86272075661
5.84625422039
5.87001412139
5.92530391148
5.94956268105
5.93211866356
5.84577203601
5.76724073377
5.70478798164
5.66151481139
5.63753001804
5.61372117129
5.6389894514
5.64444580409
5.64765741892
5.6477513725
5.64410206183
5.63709502467
5.62817677854
5.61920904906
5.61152005395
5.60537111625
5.60025269237
5.59570532573
5.59190396339
5.58956824353
5.59449944017
5.61400734144
5.65504382338
5.72519507104
5.82575780138
5.85808939014
5.86272075661
5.84625422039
5.87001412139
5.92530391148
5.94956268105
5.93211866356
5.84577203601
5.76724073377
5.70478798164
5.66151481139
5.63753001804
5.61421154908
5.6389894514
5.64444580409
5.64765741892
5.6477513725
5.64410206183
5.63709502467
5.62817677854
5.61920904906
5.61152005395
5.60537111625
5.60025269237
5.59570532573
5.59190396339
5.58956824353
5.59449944017
5.61400734144
5.65504382338
5.72519507104
5.82575780138
5.85808939014
5.86272075661
5.84625422039
5.87001412139
5.92530391148
5.94956268105
5.93211866356
5.84577203601
5.76724073377
5.70478798164
5.66151481139
5.63753001804
5.62446090319
5.6389894514
5.64444580409
5.64765741892
5.6477513725
5.64410206183
5.63709502467
5.62817677854
5.61920904906
5.61152005395
5.60537111625
5.60025269237
5.59570532573
5.59190396339
5.58956824353
5.59449944017
5.61400734144
5.65504382338
5.72519507104
5.82575780138
5.85808939014
5.86272075661
5.84625422039
5.87001412139
5.92530391148
5.94956268105
5.93211866356
5.84577203601
5.76724073377
5.70478798164
5.66151481139
5.63753001804
5.63791323806
5.6389894514
5.64444580409
5.64765741892
5.6477513725
5.64410206183
5.63709502467
5.62817677854
5.61920904906
5.61152005395
5.60537111625
5.60025269237
5.59570532573
5.59190396339
5.58956824353
5.59449944017
5.61400734144
5.65504382338
5.72519507104
5.82575780138
5.85808939014
5.86272075661
5.84625422039
5.87001412139
5.92530391148
5.94956268105
5.93211866356
5.84577203601
5.76724073377
5.70478798164
5.66151481139
5.63753001804
5.65246428469
5.6389894514
5.64444580409
5.64765741892
5.6477513725
5.64410206183
5.63709502467
5.62817677854
5.61920904906
5.61152005395
5.60537111625
5.60025269237
5.59570532573
5.59190396339
5.58956824353
5.59449944017
5.61400734144
5.65504382338
5.72519507104
5.82575780138
5.85808939014
5.86272075661
5.84625422039
5.87001412139
5.92530391148
5.94956268105
5.93211866356
5.84577203601
5.76724073377
5.70478798164
5.66151481139
5.63753001804
5.66507611491
5.6389894514
5.64444580409
5.64765741892
5.6477513725
5.64410206183
5.63709502467
5.62817677854
5.61920904906
5.61152005395
5.60537111625
5.60025269237
5.59570532573
5.59190396339
5.58956824353
5.59449944017
5.61400734144
5.65504382338
5.72519507104
5.82575780138
5.85808939014
5.86272075661
5.84625422039
5.87001412139
5.92530391148
5.94956268105
5.93211866356
5.84577203601
5.76724073377
5.70478798164
5.66151481139
5.63753001804
5.6725070924
5.6389894514
5.64444580409
5.64765741892
5.6477513725
5.64410206183
5.63709502467
5.62817677854
5.61920904906
5.61152005395
5.60537111625
5.60025269237
5.59570532573
5.59190396339
5.58956824353
5.59449944017
5.61400734144
5.65504382338
5.72519507104
5.82575780138
5.85808939014
5.86272075661
5.84625422039
5.87001412139
5.92530391148
5.94956268105
5.93211866356
5.84577203601
5.76724073377
5.70478798164
5.66151481139
5.63753001804
5.67250901369
5.6389894514
5.64444580409
5.64765741892
5.6477513725
5.64410206183
5.63709502467
5.62817677854
5.61920904906
5.61152005395
5.60537111625
5.60025269237
5.59570532573
5.59190396339
5.58956824353
5.59449944017
5.61400734144
5.65504382338
5.72519507104
5.82575780138
5.85808939014
5.86272075661
5.84625422039
5.87001412139
5.92530391148
5.94956268105
5.93211866356
5.84577203601
5.76724073377
5.70478798164
5.66151481139
5.63753001804
5.66507840133
5.6389894514
5.64444580409
5.64765741892
5.6477513725
5.64410206183
5.63709502467
5.62817677854
5.61920904906
5.61152005395
5.60537111625
5.60025269237
5.59570532573
5.59190396339
5.58956824353
5.59449944017
5.61400734144
5.65504382338
5.72519507104
5.82575780138
5.85808939014
5.86272075661
5.84625422039
5.87001412139
5.92530391148
5.94956268105
5.93211866356
5.84577203601
5.76724073377
5.70478798164
5.66151481139
5.63753001804
5.6524589033
5.6389894514
5.64444580409
5.64765741892
5.6477513725
5.64410206183
5.63709502467
5.62817677854
5.61920904906
5.61152005395
5.60537111625
5.60025269237
5.59570532573
5.59190396339
5.58956824353
5.59449944017
5.61400734144
5.65504382338
5.72519507104
5.82575780138
5.85808939014
5.86272075661
5.84625422039
5.87001412139
5.92530391148
5.94956268105
5.93211866356
5.84577203601
5.76724073377
5.70478798164
5.66151481139
5.63753001804
5.63822024748
5.6389894514
5.64444580409
5.64765741892
5.6477513725
5.64410206183
5.63709502467
5.62817677854
5.61920904906
5.61152005395
5.60537111625
5.60025269237
5.59570532573
5.59190396339
5.58956824353
5.59449944017
5.61400734144
5.65504382338
5.72519507104
5.82575780138
5.85808939014
5.86272075661
5.84625422039
5.87001412139
5.92530391148
5.94956268105
5.93211866356
5.84577203601
5.76724073377
5.70478798164
5.66151481139
5.63753001804
5.62571858179
5.6389894514
5.64444580409
5.64765741892
5.6477513725
5.64410206183
5.63709502467
5.62817677854
5.61920904906
5.61152005395
5.60537111625
5.60025269237
5.59570532573
5.59190396339
5.58956824353
5.59449944017
5.61400734144
5.65504382338
5.72519507104
5.82575780138
5.85808939014
5.86272075661
5.84625422039
5.87001412139
5.92530391148
5.94956268105
5.93211866356
5.84577203601
5.76724073377
5.70478798164
5.66151481139
5.63753001804
5.61678356255
5.6389894514
5.64444580409
5.64765741892
5.6477513725
5.64410206183
5.63709502467
5.62817677854
5.61920904906
5.61152005395
5.60537111625
5.60025269237
5.59570532573
5.59190396339
5.58956824353
5.59449944017
5.61400734144
5.65504382338
5.72519507104
5.82575780138
5.85808939014
5.86272075661
5.84625422039
5.87001412139
5.92530391148
5.94956268105
5.93211866356
5.84577203601
5.76724073377
5.70478798164
5.66151481139
5.63753001804
5.61147408772
5.6389894514
5.64444580409
5.64765741892
5.6477513725
5.64410206183
5.63709502467
5.62817677854
5.61920904906
5.61152005395
5.60537111625
5.60025269237
5.59570532573
5.59190396339
5.58956824353
5.59449944017
5.61400734144
5.65504382338
5.72519507104
5.82575780138
5.85808939014
5.86272075661
5.84625422039
5.87001412139
5.92530391148
5.94956268105
5.93211866356
5.84577203601
5.76724073377
5.70478798164
5.66151481139
5.63753001804
5.60881324821
5.6389894514
5.64444580409
5.64765741892
5.6477513725
5.64410206183
5.63709502467
5.62817677854
5.61920904906
5.61152005395
5.60537111625
5.60025269237
5.59570532573
5.59190396339
5.58956824353
5.59449944017
5.61400734144
5.65504382338
5.72519507104
5.82575780138
5.85808939014
5.86272075661
5.84625422039
5.87001412139
5.92530391148
5.94956268105
5.93211866356
5.84577203601
5.76724073377
5.70478798164
5.66151481139
5.63753001804
5.60767607069
5.6389894514
5.64444580409
5.64765741892
5.6477513725
5.64410206183
5.63709502467
5.62817677854
5.61920904906
5.61152005395
5.60537111625
5.60025269237
5.59570532573
5.59190396339
5.58956824353
5.59449944017
5.61400734144
5.65504382338
5.72519507104
5.82575780138
5.85808939014
5.86272075661
5.84625422039
5.87001412139
5.92530391148
5.94956268105
5.93211866356
5.84577203601
5.76724073377
5.70478798164
5.66151481139
5.63753001804
[[0.         0.         0.         0.         0.         0.
  0.         0.         0.         0.         0.         0.
  0.         0.         0.         0.         0.         0.
  0.         0.         0.         0.         0.         0.
  0.         0.         0.         0.         0.         0.
  0.         0.        ]
 [0.         0.         0.         0.         0.         0.
  0.         0.         0.         0.         0.         0.
  0.         0.         0.         0.         0.         0.
  0.         0.         0.         0.         0.         0.
  0.         0.         0.         0.         0.         0.
  0.         0.        ]
 [5.60767607 5.63898945 5.6444458  5.64765742 5.64775137 5.64410206
  5.63709502 5.62817678 5.61920905 5.61152005 5.60537112 5.60025269
  5.59570533 5.59190396 5.58956824 5.59449944 5.61400734 5.65504382
  5.72519507 5.8257578  5.85808939 5.86272076 5.84625422 5.87001412
  5.92530391 5.94956268 5.93211866 5.84577204 5.76724073 5.70478798
  5.66151481 5.63753002]
 [0.         0.         0.         0.         0.         0.
  0.         0.         0.         0.         0.         0.
  0.         0.         0.         0.         0.         0.
  0.         0.         0.         0.         0.         0.
  0.         0.         0.         0.         0.         0.
  0.         0.        ]
 [0.         0.         0.         0.         0.         0.
  0.         0.         0.         0.         0.         0.
  0.         0.         0.         0.         0.         0.
  0.         0.         0.         0.         0.         0.
  0.         0.         0.         0.         0.         0.
  0.         0.        ]
 [0.         0.         0.         0.         0.         0.
  0.         0.         0.         0.         0.         0.
  0.         0.         0.         0.         0.         0.
  0.         0.         0.         0.         0.         0.
  0.         0.         0.         0.         0.         0.
  0.         0.        ]
 [0.         0.         0.         0.         0.         0.
  0.         0.         0.         0.         0.         0.
  0.         0.         0.         0.         0.         0.
  0.         0.         0.         0.         0.         0.
  0.         0.         0.         0.         0.         0.
  0.         0.        ]
 [0.         0.         0.         0.         0.         0.
  0.         0.         0.         0.         0.         0.
  0.         0.         0.         0.         0.         0.
  0.         0.         0.         0.         0.         0.
  0.         0.         0.         0.         0.         0.
  0.         0.        ]
 [0.         0.         0.         0.         0.         0.
  0.         0.         0.         0.         0.         0.
  0.         0.         0.         0.         0.         0.
  0.         0.         0.         0.         0.         0.
  0.         0.         0.         0.         0.         0.
  0.         0.        ]
 [0.         0.         0.         0.         0.         0.
  0.         0.         0.         0.         0.         0.
  0.         0.         0.         0.         0.         0.
  0.         0.         0.         0.         0.         0.
  0.         0.         0.         0.         0.         0.
  0.         0.        ]
 [0.         0.         0.         0.         0.         0.
  0.         0.         0.         0.         0.         0.
  0.         0.         0.         0.         0.         0.
  0.         0.         0.         0.         0.         0.
  0.         0.         0.         0.         0.         0.
  0.         0.        ]
 [0.         0.         0.         0.         0.         0.
  0.         0.         0.         0.         0.         0.
  0.         0.         0.         0.         0.         0.
  0.         0.         0.         0.         0.         0.
  0.         0.         0.         0.         0.         0.
  0.         0.        ]
 [0.         0.         0.         0.         0.         0.
  0.         0.         0.         0.         0.         0.
  0.         0.         0.         0.         0.         0.
  0.         0.         0.         0.         0.         0.
  0.         0.         0.         0.         0.         0.
  0.         0.        ]
 [0.         0.         0.         0.         0.         0.
  0.         0.         0.         0.         0.         0.
  0.         0.         0.         0.         0.         0.
  0.         0.         0.         0.         0.         0.
  0.         0.         0.         0.         0.         0.
  0.         0.        ]
 [0.         0.         0.         0.         0.         0.
  0.         0.         0.         0.         0.         0.
  0.         0.         0.         0.         0.         0.
  0.         0.         0.         0.         0.         0.
  0.         0.         0.         0.         0.         0.
  0.         0.        ]
 [0.         0.         0.         0.         0.         0.
  0.         0.         0.         0.         0.         0.
  0.         0.         0.         0.         0.         0.
  0.         0.         0.         0.         0.         0.
  0.         0.         0.         0.         0.         0.
  0.         0.        ]
 [0.         0.         0.         0.         0.         0.
  0.         0.         0.         0.         0.         0.
  0.         0.         0.         0.         0.         0.
  0.         0.         0.         0.         0.         0.
  0.         0.         0.         0.         0.         0.
  0.         0.        ]
 [0.         0.         0.         0.         0.         0.
  0.         0.         0.         0.         0.         0.
  0.         0.         0.         0.         0.         0.
  0.         0.         0.         0.         0.         0.
  0.         0.         0.         0.         0.         0.
  0.         0.        ]
 [0.         0.         0.         0.         0.         0.
  0.         0.         0.         0.         0.         0.
  0.         0.         0.         0.         0.         0.
  0.         0.         0.         0.         0.         0.
  0.         0.         0.         0.         0.         0.
  0.         0.        ]
 [0.         0.         0.         0.         0.         0.
  0.         0.         0.         0.         0.         0.
  0.         0.         0.         0.         0.         0.
  0.         0.         0.         0.         0.         0.
  0.         0.         0.         0.         0.         0.
  0.         0.        ]
 [0.         0.         0.         0.         0.         0.
  0.         0.         0.         0.         0.         0.
  0.         0.         0.         0.         0.         0.
  0.         0.         0.         0.         0.         0.
  0.         0.         0.         0.         0.         0.
  0.         0.        ]
 [0.         0.         0.         0.         0.         0.
  0.         0.         0.         0.         0.         0.
  0.         0.         0.         0.         0.         0.
  0.         0.         0.         0.         0.         0.
  0.         0.         0.         0.         0.         0.
  0.         0.        ]
 [0.         0.         0.         0.         0.         0.
  0.         0.         0.         0.         0.         0.
  0.         0.         0.         0.         0.         0.
  0.         0.         0.         0.         0.         0.
  0.         0.         0.         0.         0.         0.
  0.         0.        ]
 [0.         0.         0.         0.         0.         0.
  0.         0.         0.         0.         0.         0.
  0.         0.         0.         0.         0.         0.
  0.         0.         0.         0.         0.         0.
  0.         0.         0.         0.         0.         0.
  0.         0.        ]
 [0.         0.         0.         0.         0.         0.
  0.         0.         0.         0.         0.         0.
  0.         0.         0.         0.         0.         0.
  0.         0.         0.         0.         0.         0.
  0.         0.         0.         0.         0.         0.
  0.         0.        ]
 [0.         0.         0.         0.         0.         0.
  0.         0.         0.         0.         0.         0.
  0.         0.         0.         0.         0.         0.
  0.         0.         0.         0.         0.         0.
  0.         0.         0.         0.         0.         0.
  0.         0.        ]
 [0.         0.         0.         0.         0.         0.
  0.         0.         0.         0.         0.         0.
  0.         0.         0.         0.         0.         0.
  0.         0.         0.         0.         0.         0.
  0.         0.         0.         0.         0.         0.
  0.         0.        ]
 [0.         0.         0.         0.         0.         0.
  0.         0.         0.         0.         0.         0.
  0.         0.         0.         0.         0.         0.
  0.         0.         0.         0.         0.         0.
  0.         0.         0.         0.         0.         0.
  0.         0.        ]
 [0.         0.         0.         0.         0.         0.
  0.         0.         0.         0.         0.         0.
  0.         0.         0.         0.         0.         0.
  0.         0.         0.         0.         0.         0.
  0.         0.         0.         0.         0.         0.
  0.         0.        ]
 [0.         0.         0.         0.         0.         0.
  0.         0.         0.         0.         0.         0.
  0.         0.         0.         0.         0.         0.
  0.         0.         0.         0.         0.         0.
  0.         0.         0.         0.         0.         0.
  0.         0.        ]
 [0.         0.         0.         0.         0.         0.
  0.         0.         0.         0.         0.         0.
  0.         0.         0.         0.         0.         0.
  0.         0.         0.         0.         0.         0.
  0.         0.         0.         0.         0.         0.
  0.         0.        ]
 [0.         0.         0.         0.         0.         0.
  0.         0.         0.         0.         0.         0.
  0.         0.         0.         0.         0.         0.
  0.         0.         0.         0.         0.         0.
  0.         0.         0.         0.         0.         0.
  0.         0.        ]]
